1
1.466581e+00
1.812255e+00
1.952125e+00
1.847759e+00
1.516315e+00
1.026560e+00
4.827258e-01
1.110223e-16
-3.225471e-01
-4.252150e-01
-3.016137e-01
-5.551115e-16
3.883018e-01
7.506606e-01
9.799384e-01
1
7.839041e-01
3.604799e-01
-1.922675e-01
-7.653669e-01
-1.244407e+00
-1.536356e+00
-1.591334e+00
-1.414214e+00
-1.063295e+00
-6.363793e-01
-2.475280e-01
-3.330669e-16
3.824439e-02
-1.493157e-01
-5.237880e-01
-1.000000e+00
-1.466581e+00
-1.812255e+00
-1.952125e+00
-1.847759e+00
-1.516315e+00
-1.026560e+00
-4.827258e-01
0
3.225471e-01
4.252150e-01
3.016137e-01
-9.992007e-16
-3.883018e-01
-7.506606e-01
-9.799384e-01
-1.000000e+00
-7.839041e-01
-3.604799e-01
1.922675e-01
7.653669e-01
1.244407e+00
1.536356e+00
1.591334e+00
1.414214e+00
1.063295e+00
6.363793e-01
2.475280e-01
3.330669e-16
-3.824439e-02
1.493157e-01
5.237880e-01
