1.0000 0.0000 
0.9952 0.0980 
0.9808 0.1951 
0.9569 0.2903 
0.9239 0.3827 
0.8819 0.4714 
0.8315 0.5556 
0.7730 0.6344 
0.7071 0.7071 
0.6344 0.7730 
0.5556 0.8315 
0.4714 0.8819 
0.3827 0.9239 
0.2903 0.9569 
0.1951 0.9808 
0.0980 0.9952 
0.0000 1.0000 
-0.0980 0.9952 
-0.1951 0.9808 
-0.2903 0.9569 
-0.3827 0.9239 
-0.4714 0.8819 
-0.5556 0.8315 
-0.6344 0.7730 
-0.7071 0.7071 
-0.7730 0.6344 
-0.8315 0.5556 
-0.8819 0.4714 
-0.9239 0.3827 
-0.9569 0.2903 
-0.9808 0.1951 
-0.9952 0.0980 
-1.0000 0.0000 
-0.9952 -0.0980 
-0.9808 -0.1951 
-0.9569 -0.2903 
-0.9239 -0.3827 
-0.8819 -0.4714 
-0.8315 -0.5556 
-0.7730 -0.6344 
-0.7071 -0.7071 
-0.6344 -0.7730 
-0.5556 -0.8315 
-0.4714 -0.8819 
-0.3827 -0.9239 
-0.2903 -0.9569 
-0.1951 -0.9808 
-0.0980 -0.9952 
-0.0000 -1.0000 
0.0980 -0.9952 
0.1951 -0.9808 
0.2903 -0.9569 
0.3827 -0.9239 
0.4714 -0.8819 
0.5556 -0.8315 
0.6344 -0.7730 
0.7071 -0.7071 
0.7730 -0.6344 
0.8315 -0.5556 
0.8819 -0.4714 
0.9239 -0.3827 
0.9569 -0.2903 
0.9808 -0.1951 
0.9952 -0.0980 
